1.000000 0.100000 3.000000 0.001000 100.000000 1000.000000
1.000000 0.200000 3.000000 0.001000 100.000000 1000.000000
1.000000 0.300000 3.000000 0.001000 100.000000 1000.000000
1.000000 0.400000 3.000000 0.001000 100.000000 1000.000000
1.000000 0.500000 3.000000 0.001000 100.000000 1000.000000
1.000000 0.600000 3.000000 0.001000 100.000000 1000.000000
1.000000 0.700000 3.000000 0.001000 100.000000 1000.000000
1.000000 0.800000 3.000000 0.001000 100.000000 1000.000000
1.000000 0.900000 3.000000 0.001000 100.000000 1000.000000
1.000000 1.000000 3.000000 0.001000 100.000000 1000.000000
1.005000 0.100000 3.000000 0.001000 100.000000 1000.000000
1.005000 0.200000 3.000000 0.001000 100.000000 1000.000000
1.005000 0.300000 3.000000 0.001000 100.000000 1000.000000
1.005000 0.400000 3.000000 0.001000 100.000000 1000.000000
1.005000 0.500000 3.000000 0.001000 100.000000 1000.000000
1.005000 0.600000 3.000000 0.001000 100.000000 1000.000000
1.005000 0.700000 3.000000 0.001000 100.000000 1000.000000
1.005000 0.800000 3.000000 0.001000 100.000000 1000.000000
1.005000 0.900000 3.000000 0.001000 100.000000 1000.000000
1.005000 1.000000 3.000000 0.001000 100.000000 1000.000000
1.010000 0.100000 3.000000 0.001000 100.000000 1000.000000
1.010000 0.200000 3.000000 0.001000 100.000000 1000.000000
1.010000 0.300000 3.000000 0.001000 100.000000 1000.000000
1.010000 0.400000 3.000000 0.001000 100.000000 1000.000000
1.010000 0.500000 3.000000 0.001000 100.000000 1000.000000
1.010000 0.600000 3.000000 0.001000 100.000000 1000.000000
1.010000 0.700000 3.000000 0.001000 100.000000 1000.000000
1.010000 0.800000 3.000000 0.001000 100.000000 1000.000000
1.010000 0.900000 3.000000 0.001000 100.000000 1000.000000
1.010000 1.000000 3.000000 0.001000 100.000000 1000.000000
1.015000 0.100000 3.000000 0.001000 100.000000 1000.000000
1.015000 0.200000 3.000000 0.001000 100.000000 1000.000000
1.015000 0.300000 3.000000 0.001000 100.000000 1000.000000
1.015000 0.400000 3.000000 0.001000 100.000000 1000.000000
1.015000 0.500000 3.000000 0.001000 100.000000 1000.000000
1.015000 0.600000 3.000000 0.001000 100.000000 1000.000000
1.015000 0.700000 3.000000 0.001000 100.000000 1000.000000
1.015000 0.800000 3.000000 0.001000 100.000000 1000.000000
1.015000 0.900000 3.000000 0.001000 100.000000 1000.000000
1.015000 1.000000 3.000000 0.001000 100.000000 1000.000000
1.020000 0.100000 3.000000 0.001000 100.000000 1000.000000
1.020000 0.200000 3.000000 0.001000 100.000000 1000.000000
1.020000 0.300000 3.000000 0.001000 100.000000 1000.000000
1.020000 0.400000 3.000000 0.001000 100.000000 1000.000000
1.020000 0.500000 3.000000 0.001000 100.000000 1000.000000
1.020000 0.600000 3.000000 0.001000 100.000000 1000.000000
1.020000 0.700000 3.000000 0.001000 100.000000 1000.000000
1.020000 0.800000 3.000000 0.001000 100.000000 1000.000000
1.020000 0.900000 3.000000 0.001000 100.000000 1000.000000
1.020000 1.000000 3.000000 0.001000 100.000000 1000.000000
1.025000 0.100000 3.000000 0.001000 100.000000 1000.000000
1.025000 0.200000 3.000000 0.001000 100.000000 1000.000000
1.025000 0.300000 3.000000 0.001000 100.000000 1000.000000
1.025000 0.400000 3.000000 0.001000 100.000000 1000.000000
1.025000 0.500000 3.000000 0.001000 100.000000 1000.000000
1.025000 0.600000 3.000000 0.001000 100.000000 1000.000000
1.025000 0.700000 3.000000 0.001000 100.000000 1000.000000
1.025000 0.800000 3.000000 0.001000 100.000000 1000.000000
1.025000 0.900000 3.000000 0.001000 100.000000 1000.000000
1.025000 1.000000 3.000000 0.001000 100.000000 1000.000000
1.030000 0.100000 3.000000 0.001000 100.000000 1000.000000
1.030000 0.200000 3.000000 0.001000 100.000000 1000.000000
1.030000 0.300000 3.000000 0.001000 100.000000 1000.000000
1.030000 0.400000 3.000000 0.001000 100.000000 1000.000000
1.030000 0.500000 3.000000 0.001000 100.000000 1000.000000
1.030000 0.600000 3.000000 0.001000 100.000000 1000.000000
1.030000 0.700000 3.000000 0.001000 100.000000 1000.000000
1.030000 0.800000 3.000000 0.001000 100.000000 1000.000000
1.030000 0.900000 3.000000 0.001000 100.000000 1000.000000
1.030000 1.000000 3.000000 0.001000 100.000000 1000.000000
1.035000 0.100000 3.000000 0.001000 100.000000 1000.000000
1.035000 0.200000 3.000000 0.001000 100.000000 1000.000000
1.035000 0.300000 3.000000 0.001000 100.000000 1000.000000
1.035000 0.400000 3.000000 0.001000 100.000000 1000.000000
1.035000 0.500000 3.000000 0.001000 100.000000 1000.000000
1.035000 0.600000 3.000000 0.001000 100.000000 1000.000000
1.035000 0.700000 3.000000 0.001000 100.000000 1000.000000
1.035000 0.800000 3.000000 0.001000 100.000000 1000.000000
1.035000 0.900000 3.000000 0.001000 100.000000 1000.000000
1.035000 1.000000 3.000000 0.001000 100.000000 1000.000000
1.040000 0.100000 3.000000 0.001000 100.000000 1000.000000
1.040000 0.200000 3.000000 0.001000 100.000000 1000.000000
1.040000 0.300000 3.000000 0.001000 100.000000 1000.000000
1.040000 0.400000 3.000000 0.001000 100.000000 1000.000000
1.040000 0.500000 3.000000 0.001000 100.000000 1000.000000
1.040000 0.600000 3.000000 0.001000 100.000000 1000.000000
1.040000 0.700000 3.000000 0.001000 100.000000 1000.000000
1.040000 0.800000 3.000000 0.001000 100.000000 1000.000000
1.040000 0.900000 3.000000 0.001000 100.000000 1000.000000
1.040000 1.000000 3.000000 0.001000 100.000000 1000.000000
1.045000 0.100000 3.000000 0.001000 100.000000 1000.000000
1.045000 0.200000 3.000000 0.001000 100.000000 1000.000000
1.045000 0.300000 3.000000 0.001000 100.000000 1000.000000
1.045000 0.400000 3.000000 0.001000 100.000000 1000.000000
1.045000 0.500000 3.000000 0.001000 100.000000 1000.000000
1.045000 0.600000 3.000000 0.001000 100.000000 1000.000000
1.045000 0.700000 3.000000 0.001000 100.000000 1000.000000
1.045000 0.800000 3.000000 0.001000 100.000000 1000.000000
1.045000 0.900000 3.000000 0.001000 100.000000 1000.000000
1.045000 1.000000 3.000000 0.001000 100.000000 1000.000000
1.050000 0.100000 3.000000 0.001000 100.000000 1000.000000
1.050000 0.200000 3.000000 0.001000 100.000000 1000.000000
1.050000 0.300000 3.000000 0.001000 100.000000 1000.000000
1.050000 0.400000 3.000000 0.001000 100.000000 1000.000000
1.050000 0.500000 3.000000 0.001000 100.000000 1000.000000
1.050000 0.600000 3.000000 0.001000 100.000000 1000.000000
1.050000 0.700000 3.000000 0.001000 100.000000 1000.000000
1.050000 0.800000 3.000000 0.001000 100.000000 1000.000000
1.050000 0.900000 3.000000 0.001000 100.000000 1000.000000
1.050000 1.000000 3.000000 0.001000 100.000000 1000.000000
1.055000 0.100000 3.000000 0.001000 100.000000 1000.000000
1.055000 0.200000 3.000000 0.001000 100.000000 1000.000000
1.055000 0.300000 3.000000 0.001000 100.000000 1000.000000
1.055000 0.400000 3.000000 0.001000 100.000000 1000.000000
1.055000 0.500000 3.000000 0.001000 100.000000 1000.000000
1.055000 0.600000 3.000000 0.001000 100.000000 1000.000000
1.055000 0.700000 3.000000 0.001000 100.000000 1000.000000
1.055000 0.800000 3.000000 0.001000 100.000000 1000.000000
1.055000 0.900000 3.000000 0.001000 100.000000 1000.000000
1.055000 1.000000 3.000000 0.001000 100.000000 1000.000000
1.060000 0.100000 3.000000 0.001000 100.000000 1000.000000
1.060000 0.200000 3.000000 0.001000 100.000000 1000.000000
1.060000 0.300000 3.000000 0.001000 100.000000 1000.000000
1.060000 0.400000 3.000000 0.001000 100.000000 1000.000000
1.060000 0.500000 3.000000 0.001000 100.000000 1000.000000
1.060000 0.600000 3.000000 0.001000 100.000000 1000.000000
1.060000 0.700000 3.000000 0.001000 100.000000 1000.000000
1.060000 0.800000 3.000000 0.001000 100.000000 1000.000000
1.060000 0.900000 3.000000 0.001000 100.000000 1000.000000
1.060000 1.000000 3.000000 0.001000 100.000000 1000.000000
1.065000 0.100000 3.000000 0.001000 100.000000 1000.000000
1.065000 0.200000 3.000000 0.001000 100.000000 1000.000000
1.065000 0.300000 3.000000 0.001000 100.000000 1000.000000
1.065000 0.400000 3.000000 0.001000 100.000000 1000.000000
1.065000 0.500000 3.000000 0.001000 100.000000 1000.000000
1.065000 0.600000 3.000000 0.001000 100.000000 1000.000000
1.065000 0.700000 3.000000 0.001000 100.000000 1000.000000
1.065000 0.800000 3.000000 0.001000 100.000000 1000.000000
1.065000 0.900000 3.000000 0.001000 100.000000 1000.000000
1.065000 1.000000 3.000000 0.001000 100.000000 1000.000000
1.070000 0.100000 3.000000 0.001000 100.000000 1000.000000
1.070000 0.200000 3.000000 0.001000 100.000000 1000.000000
1.070000 0.300000 3.000000 0.001000 100.000000 1000.000000
1.070000 0.400000 3.000000 0.001000 100.000000 1000.000000
1.070000 0.500000 3.000000 0.001000 100.000000 1000.000000
1.070000 0.600000 3.000000 0.001000 100.000000 1000.000000
1.070000 0.700000 3.000000 0.001000 100.000000 1000.000000
1.070000 0.800000 3.000000 0.001000 100.000000 1000.000000
1.070000 0.900000 3.000000 0.001000 100.000000 1000.000000
1.070000 1.000000 3.000000 0.001000 100.000000 1000.000000
1.075000 0.100000 3.000000 0.001000 100.000000 1000.000000
1.075000 0.200000 3.000000 0.001000 100.000000 1000.000000
1.075000 0.300000 3.000000 0.001000 100.000000 1000.000000
1.075000 0.400000 3.000000 0.001000 100.000000 1000.000000
1.075000 0.500000 3.000000 0.001000 100.000000 1000.000000
1.075000 0.600000 3.000000 0.001000 100.000000 1000.000000
1.075000 0.700000 3.000000 0.001000 100.000000 1000.000000
1.075000 0.800000 3.000000 0.001000 100.000000 1000.000000
1.075000 0.900000 3.000000 0.001000 100.000000 1000.000000
1.075000 1.000000 3.000000 0.001000 100.000000 1000.000000
1.080000 0.100000 3.000000 0.001000 100.000000 1000.000000
1.080000 0.200000 3.000000 0.001000 100.000000 1000.000000
1.080000 0.300000 3.000000 0.001000 100.000000 1000.000000
1.080000 0.400000 3.000000 0.001000 100.000000 1000.000000
1.080000 0.500000 3.000000 0.001000 100.000000 1000.000000
1.080000 0.600000 3.000000 0.001000 100.000000 1000.000000
1.080000 0.700000 3.000000 0.001000 100.000000 1000.000000
1.080000 0.800000 3.000000 0.001000 100.000000 1000.000000
1.080000 0.900000 3.000000 0.001000 100.000000 1000.000000
1.080000 1.000000 3.000000 0.001000 100.000000 1000.000000
1.085000 0.100000 3.000000 0.001000 100.000000 1000.000000
1.085000 0.200000 3.000000 0.001000 100.000000 1000.000000
1.085000 0.300000 3.000000 0.001000 100.000000 1000.000000
1.085000 0.400000 3.000000 0.001000 100.000000 1000.000000
1.085000 0.500000 3.000000 0.001000 100.000000 1000.000000
1.085000 0.600000 3.000000 0.001000 100.000000 1000.000000
1.085000 0.700000 3.000000 0.001000 100.000000 1000.000000
1.085000 0.800000 3.000000 0.001000 100.000000 1000.000000
1.085000 0.900000 3.000000 0.001000 100.000000 1000.000000
1.085000 1.000000 3.000000 0.001000 100.000000 1000.000000
1.090000 0.100000 3.000000 0.001000 100.000000 1000.000000
1.090000 0.200000 3.000000 0.001000 100.000000 1000.000000
1.090000 0.300000 3.000000 0.001000 100.000000 1000.000000
1.090000 0.400000 3.000000 0.001000 100.000000 1000.000000
1.090000 0.500000 3.000000 0.001000 100.000000 1000.000000
1.090000 0.600000 3.000000 0.001000 100.000000 1000.000000
1.090000 0.700000 3.000000 0.001000 100.000000 1000.000000
1.090000 0.800000 3.000000 0.001000 100.000000 1000.000000
1.090000 0.900000 3.000000 0.001000 100.000000 1000.000000
1.090000 1.000000 3.000000 0.001000 100.000000 1000.000000
1.095000 0.100000 3.000000 0.001000 100.000000 1000.000000
1.095000 0.200000 3.000000 0.001000 100.000000 1000.000000
1.095000 0.300000 3.000000 0.001000 100.000000 1000.000000
1.095000 0.400000 3.000000 0.001000 100.000000 1000.000000
1.095000 0.500000 3.000000 0.001000 100.000000 1000.000000
1.095000 0.600000 3.000000 0.001000 100.000000 1000.000000
1.095000 0.700000 3.000000 0.001000 100.000000 1000.000000
1.095000 0.800000 3.000000 0.001000 100.000000 1000.000000
1.095000 0.900000 3.000000 0.001000 100.000000 1000.000000
1.095000 1.000000 3.000000 0.001000 100.000000 1000.000000
